menuID|nombre_m|UBICA      |PRO UB|SCRIPT|FONDO|TITUL|SUBTI|PROX_UBICA	|FIN_UBICACION|COND|SEG    |
1|1            |1          |1     |1	 |1    |1    |1    |1    	|1            |1   |2	   |
2|2            |1          |2	  |2	 |17   |2    |10   |1   	|1            |1   |2	   |
3|3	       |1          |14	  |2	 |17   |3    |10   |1    	|1            |1   |1	   |
4|4    	       |1          |12	  |2	 |17   |4    |10   |1    	|1            |1   |3	   |
5|5	       |1          |16	  |2	 |17   |5    |10   |1    	|1            |1   |3	   |
6|6            |2          |5	  |2	 |2    |6    |10   |1    	|1            |1   |3	   |
7|7            |2          |9	  |2	 |2    |7    |10   |1    	|1            |1   |3	   |
8|8            |3          |4	  |3	 |11   |7    |8    |1    	|1            |1   |3	   |
9|9            |3          |1	  |5 	 |11   |1    |1    |1    	|1            |1   |3	   |
10|13          |10         |4	  |3	 |12   |7    |8    |1    	|1            |1   |3	   |
11|14          |10         |1	  |5 	 |12   |1    |1    |1    	|1            |1   |3	   |
12|11	       |5	   |6	  |2	 |2    |6    |11   |1		|1	      |1   |3 	   |
13|12	       |5	   |13	  |2	 |2    |6    |12   |1		|1	      |1   |3	   |
14|15	       |6	   |1	  |6	 |11   |1    |1	   |1		|1	      |1   |3	   |
15|16	       |6	   |1	  |9	 |1    |1    |1	   |1		|1	      |1   |3	   |
16|18          |9          |7	  |2	 |2    |7    |18   |1    	|1            |1   |3	   |
17|20          |7          |7	  |7	 |20   |7    |18   |1    	|10           |1   |3	   |
18|21          |7          |7	  |7	 |21   |7    |18   |4    	|10           |1   |3	   |
19|22          |7          |7	  |7	 |22   |7    |18   |4    	|5            |1   |3	   |
20|23          |7          |7	  |7	 |23   |7    |18   |0    	|1            |1   |3	   |
21|24          |7          |7	  |7	 |24   |7    |18   |0    	|1            |1   |3	   |
22|25          |7          |7	  |7	 |25   |7    |18   |255       	|1            |1   |3	   |
23|26          |7          |7	  |7	 |26   |7    |18   |16   	|16           |1   |3	   |
24|27	       |9	   |7	  |8	 |1    |1    |1	   |1		|1	      |1   |3	   |
25|28	       |5	   |8	  |2	 |2    |6    |28   |1		|1	      |1   |3	   |
26|29	       |8	   |8	  |10	 |1    |1    |1	   |9		|1	      |1   |3	   |
27|30	       |8	   |8	  |10	 |1    |1    |1	   |2		|1	      |1   |3	   |
28|31	       |8	   |8	  |10	 |1    |1    |1	   |6		|1	      |1   |3	   |
29|11	       |9	   |3	  |2	 |2    |7    |11   |1		|1	      |1   |3	   |
30|12	       |9	   |10	  |2	 |2    |7    |12   |1		|1	      |1   |3	   |
31|32	       |9	   |11	  |2	 |2    |7    |32   |1		|1	      |1   |3	   |
32|33	       |11	   |11	  |11	 |1    |1    |1	   |1		|1	      |1   |3	   |
33|34	       |5	   |8	  |12	 |1    |1    |1	   |6		|1	      |1   |3	   |
34|35	       |12	   |1	  |13	 |1    |1    |1	   |6		|1	      |1   |3	   |
35|36	       |12	   |1	  |14	 |1    |1    |1	   |6		|1	      |1   |3	   |
36|15	       |13	   |1	  |6	 |12   |1    |1	   |1		|1	      |1   |3	   |
37|6           |14         |19 	  |2	 |3    |6    |10   |1    	|1            |1   |3	   |
38|7	       |14         |15	  |2	 |3    |7    |10   |1    	|1            |1   |3	   |
39|27	       |15         |1 	  |15	 |3    |7    |10   |1    	|1            |1   |3	   |
40|37	       |15         |1 	  |17	 |3    |7    |10   |1    	|1            |1   |3	   |
41|39	       |16         |1 	  |18	 |3    |7    |10   |1    	|1            |1   |3	   |
42|40	       |15         |1 	  |19	 |3    |7    |10   |1    	|1            |1   |3	   |
43|41	       |15         |17	  |2	 |3    |7    |41   |1    	|1            |1   |3	   |
44|42	       |15         |1 	  |20	 |3    |7    |42   |2    	|3            |1   |3	   |
45|43	       |15         |1 	  |20	 |3    |7    |2    |2    	|2            |1   |3	   |
46|11	       |17         |1	  |20	 |3    |41   |11   |2    	|1            |1   |3	   |
47|12	       |17         |1	  |20	 |3    |41   |12   |1    	|1            |1   |3	   |
48|44	       |15         |18	  |2	 |3    |7    |44   |1    	|1            |1   |3	   |
49|11	       |18         |1	  |20	 |3    |44   |11   |2   	|255          |1   |3	   |
50|12	       |18         |1	  |20	 |3    |44   |12   |1    	|255          |1   |3	   |
51|45	       |19	   |20	  |2	 |3    |6    |45   |1    	|255          |1   |3 	   |
52|11	       |20	   |1	  |21	 |1    |1    |1	   |1		|1	      |1   |3	   |
53|12	       |20	   |1	  |21	 |1    |1    |1	   |2		|1	      |1   |3	   |  